$ANSIBLE_VAULT;1.1;AES256
37323362303834613733336661336530363437376538336565663461306434663861346531353763
3435663363323931323139666461663364343337343431350a643063666339383332326633306632
65626534366337336235333338313535363761663362326463393762383132383138363436623936
3935306564363063620a663961386363343033373435303536373033363765383331646436616630
31623966316663363633653730666461336433363661656439343461643134353134376539663239
33333966323431623231396461353062346663636332353135653764386537303839326331646261
33663435303162633736333863386239303062633665336238643335616136323130666561356236
61356139386438376336636638323464313262303334646638343234373337386162626230366234
61343563323536336664316535653334386630303632633934366264656165383130643133646163
31386363616631653135373039326438343134623366363337353265333535356235386534363233
66386363616165313062626431363938636365356565666331306238656264646434353336653766
62313534303663636666343139646361626531633361383934383834306630616466373238383263
38666533653261646639303430653662373333316263356565636338653933343766643230646437
65323434353462653038353336633534313966323231636263383834333639666231343332303936
663364346137363533646338303538666334
